20.17,12.99,13.87
20.12,13.04,13.73
20.12,13.04,13.73
19.97,12.99,13.73
19.86,12.99,13.73
20.07,12.99,13.73
20.07,13.49,13.73
20.07,13.40,13.73
19.97,13.40,13.83
20.07,13.40,13.73
20.07,13.40,13.83
20.07,13.51,13.83
20.07,13.51,13.81
19.97,13.40,13.73
20.43,13.40,13.73
20.46,13.49,13.73
20.53,13.40,13.73
20.53,13.40,13.81
20.43,13.38,13.83
20.53,13.51,13.83
20.53,13.59,13.73
20.46,13.49,13.73
20.43,13.40,13.81
20.43,13.40,13.73
20.53,13.40,13.73
20.53,13.40,13.73
20.53,13.59,13.83
20.53,13.51,13.81
20.45,13.40,13.73
20.43,13.40,13.73
20.53,13.40,13.73
20.53,13.51,13.73
20.53,13.40,13.81
20.43,13.38,13.83
20.53,13.51,13.83
20.53,13.49,13.73
20.43,13.49,13.73
20.43,13.38,13.73
20.43,13.40,13.81
20.53,13.40,13.73
20.53,13.40,13.81
20.53,13.61,13.83
20.53,13.51,13.73
20.43,13.40,13.81
20.43,13.38,13.73
19.81,13.30,13.88
19.95,14.16,15.17
19.50,14.78,16.72
19.04,16.20,20.79
99.93,17.96,110.00
59.76,19.98,109.12
59.66,18.87,110.05
80.74,17.34,21.80
101.01,17.73,22.80
80.07,18.51,108.81
20.43,16.37,19.76
20.84,15.79,19.24
21.17,15.79,19.23
19.97,15.79,19.35
21.25,16.27,19.86
20.33,16.67,18.78
19.86,15.79,19.09
19.86,15.81,18.56
19.86,15.81,18.68
20.27,15.81,18.93
19.86,15.81,18.63
19.86,15.81,19.09
20.27,15.79,18.63
19.86,15.81,18.63
20.07,15.81,18.63
20.27,15.81,18.63
20.17,15.89,18.63
20.27,15.91,18.63
20.27,15.79,18.54
20.19,15.91,18.63
20.27,15.81,18.63
20.27,15.81,18.63
20.27,15.79,18.52
20.17,15.81,18.63
20.27,15.79,18.63
19.40,15.79,18.63
19.40,15.81,18.52
19.40,15.79,18.63
19.40,15.81,18.52
19.30,15.79,18.63
19.40,15.79,18.63
19.40,15.81,18.63
19.40,15.89,18.63
19.40,15.89,18.63
19.40,15.81,18.63
19.30,15.91,18.63
19.40,15.79,18.63
19.40,15.91,18.63
19.40,15.89,18.63
20.27,15.91,18.63
20.27,15.79,18.52
20.17,15.79,18.63
19.86,15.79,18.63
20.29,15.81,18.63
20.27,15.81,18.52
20.17,15.79,18.63
20.27,15.79,18.63
20.27,15.79,18.63
20.27,15.79,18.63
20.17,15.79,18.59
20.17,15.81,18.63
20.17,15.79,18.63
20.27,15.82,18.63
20.27,15.79,18.63
20.27,15.91,18.57
20.27,15.79,18.63
20.27,15.81,18.63
20.29,15.79,18.51
20.27,15.79,18.63
20.17,15.81,19.09
20.27,15.79,18.61
20.27,15.79,18.63
20.17,15.81,18.63
20.27,15.79,18.54
20.17,15.81,18.63
20.27,15.91,18.63
20.27,15.81,18.63
20.27,15.81,18.63
20.17,15.79,18.63
20.27,15.79,18.63
20.27,15.89,18.52
20.27,15.81,18.63
20.27,15.81,18.52
20.19,15.79,18.63
20.27,15.81,18.63
20.17,15.79,18.63
20.27,15.81,18.63
20.07,15.81,18.63
20.27,15.91,18.63
20.27,15.91,18.63
20.27,15.86,18.63
20.27,15.81,18.13
19.76,15.81,19.19
19.91,15.81,19.71
21.74,17.39,107.22
63.20,17.89,106.65
55.74,18.81,106.80
60.27,18.40,107.37
59.97,18.40,106.24
56.87,19.12,106.60
57.08,19.90,106.94
73.73,20.26,107.82
72.84,18.61,107.41
97.10,18.51,106.94
99.36,18.45,107.84
60.74,18.92,107.32
58.47,59.79,107.46
57.42,59.71,107.06
58.47,59.23,107.58
59.86,20.65,107.15
99.00,19.02,107.68
102.10,19.83,107.63
98.28,18.20,107.84
99.11,18.14,107.94
71.13,19.02,106.91
97.87,19.02,107.51
41.86,18.14,107.53
41.08,18.16,107.53
41.03,19.02,107.87
94.73,18.45,22.03
20.12,17.89,21.62
20.03,17.90,21.15
20.53,17.89,21.15
20.84,17.89,21.15
20.95,17.89,21.03
19.16,17.89,21.15
19.24,17.89,21.15
19.24,17.89,21.15
19.24,17.90,21.03
19.24,17.89,21.07
19.24,17.89,21.15
19.24,17.89,21.15
19.16,17.89,21.03
19.24,17.78,21.15
19.24,17.78,21.05
19.24,17.89,21.15
19.14,17.90,20.95
19.16,17.89,21.62
20.17,17.73,108.35
102.51,18.20,106.75
62.23,18.76,106.74
60.58,18.51,107.11
60.48,18.40,106.34
59.24,18.81,106.22
60.48,18.81,106.65
60.58,18.81,106.65
62.39,18.81,106.24
59.50,18.81,106.24
59.81,17.94,106.24
59.79,17.94,106.24
60.21,19.23,106.55
60.22,19.23,106.24
60.33,18.35,106.60
60.74,17.96,106.65
61.15,18.35,106.25
60.64,18.35,106.65
61.05,18.35,106.32
61.46,18.35,106.34
61.46,18.66,106.68
63.16,18.76,106.75
63.04,18.68,106.32
63.06,18.25,105.91
63.16,18.35,106.24
63.14,18.76,106.63
63.06,18.76,107.58
63.16,18.76,106.70
63.06,18.76,106.60
62.75,18.76,106.60
62.85,17.89,106.70
62.65,17.90,106.70
62.65,17.90,106.70
62.22,17.89,107.11
62.34,18.32,106.65
62.23,17.03,107.01
57.23,17.03,108.71
62.23,17.03,20.58
19.50,16.56,19.31
18.01,16.20,18.78
17.96,16.67,18.78
18.01,17.08,18.83
17.59,17.08,18.83
17.59,17.08,18.73
17.59,16.67,18.81
17.59,17.08,18.93
17.65,17.08,18.83
17.65,17.08,18.92
17.65,17.08,19.35
18.06,17.08,18.93
18.06,17.08,18.93
18.06,17.08,18.93
17.65,17.08,18.85
17.96,17.08,18.93
17.65,17.08,18.93
17.65,17.08,18.93
18.06,17.08,18.92
17.65,17.08,18.93
17.65,17.08,18.93
18.06,17.08,18.92
18.06,17.08,18.93
17.66,17.08,18.93
17.65,17.08,18.81
17.65,17.08,18.93
18.06,17.08,18.83
18.06,17.08,18.85
17.97,17.08,18.93
18.08,17.08,18.93
17.65,17.08,18.93
17.65,17.08,18.93
18.06,17.06,18.93
17.65,17.08,19.28
17.65,16.62,18.93
17.65,17.08,18.93
17.65,16.62,18.93
17.65,17.06,18.93
17.66,17.08,18.93
17.65,16.62,18.83
18.06,17.08,18.85
17.65,17.08,19.23
18.06,16.62,18.93
18.06,16.62,18.93
18.06,16.67,18.93
18.06,16.62,18.93
18.06,16.72,18.93
18.06,16.62,18.83
18.01,16.62,18.92
17.65,16.62,18.93
18.06,16.62,19.35
17.54,16.62,18.93
17.65,16.62,19.35
18.06,16.62,19.26
17.65,16.62,18.93
18.06,16.62,18.93
17.65,16.62,18.85
18.08,17.08,18.93
17.65,17.08,18.83
18.06,17.08,18.93
17.65,16.62,18.83
17.54,16.62,18.93
17.65,17.08,18.92
17.65,17.08,18.93
18.06,17.06,18.93
17.65,17.08,18.92
17.65,17.08,19.35
17.65,17.06,18.93
17.54,17.08,18.92
17.65,17.08,18.93
17.65,17.08,18.93
17.65,17.08,18.93
17.65,17.08,18.93
17.65,17.08,18.83
17.65,17.08,18.93
17.65,17.08,18.83
17.65,17.08,18.93
17.65,17.08,18.93
17.66,17.08,18.93
17.65,17.08,18.93
17.65,17.08,18.87
17.65,17.08,18.93
17.65,17.08,18.93
17.65,17.08,18.93
17.65,17.08,18.93
17.65,17.08,18.93
17.65,17.08,18.93
17.65,17.08,18.85
17.59,17.08,18.93
17.65,17.08,18.93
17.65,17.08,18.83
17.65,17.08,18.93
17.65,17.08,18.93
17.65,17.15,18.93
17.65,17.08,18.83
18.04,17.08,18.93
17.65,16.62,18.93
17.65,17.08,18.93
17.54,17.08,18.92
17.65,17.08,18.93
17.65,17.08,18.93
17.65,17.08,18.85
17.65,17.08,18.93
17.65,16.62,18.83
17.65,17.08,18.93
18.06,16.72,19.04
18.11,16.62,19.45
18.57,16.67,20.02
19.19,18.11,107.73
61.92,19.43,107.20
54.02,20.45,107.61
41.34,19.98,107.32
42.73,19.88,107.30
79.47,20.86,107.53
99.98,20.34,107.73
42.99,20.34,107.73
43.35,20.45,107.63
42.73,20.34,107.22
43.14,20.45,107.32
43.09,20.45,107.30
43.87,20.34,107.30
43.97,20.34,107.71
42.63,20.45,107.63
43.25,22.44,107.32
43.63,22.54,107.68
44.69,20.24,107.30
79.50,19.98,107.58
81.12,19.98,107.25
80.27,20.60,107.73
43.14,20.10,107.58
41.91,19.21,107.11
43.14,18.66,108.97
43.95,17.53,21.08
18.83,17.84,20.58
18.83,17.39,20.53
18.66,17.85,20.53
19.24,17.37,20.53
19.24,17.39,20.43
19.23,17.84,20.43
19.24,17.39,20.53
19.24,17.37,20.45
19.24,17.84,20.43
19.24,17.85,20.53
19.14,17.77,20.53
19.26,17.37,21.05
20.07,17.85,21.01
80.53,17.99,107.42
81.17,19.21,107.53
92.37,21.53,107.89
49.90,22.65,107.27
49.48,60.10,107.37
49.47,22.54,107.68
60.12,21.94,108.08
49.07,21.74,107.68
51.60,58.87,107.53
61.31,20.65,107.32
59.38,58.16,106.94
60.22,58.52,107.15
60.57,19.90,107.16
59.97,19.36,107.16
61.20,59.04,107.10
62.29,57.85,106.70
61.56,57.97,107.35
49.26,19.28,106.55
46.94,18.97,106.12
81.62,19.42,106.79
82.51,19.78,106.19
47.99,17.54,20.43
18.95,16.01,17.08
18.06,15.55,16.41
17.99,15.45,16.72
18.04,15.50,17.75
18.63,15.50,17.44
18.63,15.50,17.44
18.63,15.48,17.85
18.63,16.01,17.80
18.52,16.36,17.44
18.63,16.36,17.44
18.63,16.46,17.80
18.63,16.36,17.80
18.16,15.55,16.77
17.70,15.33,16.15
18.37,15.07,14.91
18.88,14.16,13.68
21.67,14.16,37.75
22.66,14.52,36.87
23.30,37.71,-1.00
100.38,35.31,-1.00
83.85,37.22,-1.00
103.04,36.39,-1.00
98.97,36.91,-1.00
24.42,48.66,-1.00
20.79,13.30,13.73
19.95,13.38,13.68
20.12,13.51,14.30
20.02,13.56,13.88
19.60,13.95,13.88
19.50,13.87,13.97
19.40,13.87,13.88
19.60,13.87,13.88
19.60,13.95,13.88
19.60,13.87,13.88
19.50,13.85,14.07
19.60,13.87,13.99
19.60,13.97,13.88
19.60,13.95,13.88
19.54,13.38,13.97
19.33,13.85,13.88
19.54,13.38,13.88
19.54,13.51,13.88
19.54,13.40,13.88
19.43,13.38,13.88